{
 "cells": [
  {
   "cell_type": "markdown",
   "metadata": {},
   "source": [
    "# I. $LU$ - разложение квадратной матрицы"
   ]
  },
  {
   "cell_type": "markdown",
   "metadata": {},
   "source": [
    "Рассмотрим наивную реализацию LU - разложения.  \n",
    "\n",
    "Заметим, что мы используем массивы `numpy` для представления матриц. [Не используйте 'np.matrix']."
   ]
  },
  {
   "cell_type": "code",
   "execution_count": 1,
   "metadata": {},
   "outputs": [],
   "source": [
    "import numpy as np\n",
    "\n",
    "def diy_lu(a):\n",
    "    \"\"\"Создает LU - разложение матрицы `a`.\n",
    "    \n",
    "    Наивное LU - разложение: работает столбец за столбцом, накапливает элементарные треугольные матрицы.\n",
    "    Без выбора главного элемента.\n",
    "    \"\"\"\n",
    "    N = a.shape[0]\n",
    "    \n",
    "    u = a.copy()\n",
    "    L = np.eye(N)\n",
    "    for j in range(N-1):\n",
    "        lam = np.eye(N)\n",
    "        gamma = u[j+1:, j] / u[j, j]\n",
    "        lam[j+1:, j] = -gamma\n",
    "        u = lam @ u\n",
    "\n",
    "        lam[j+1:, j] = gamma\n",
    "        L = L @ lam\n",
    "    return L, u"
   ]
  },
  {
   "cell_type": "code",
   "execution_count": 2,
   "metadata": {},
   "outputs": [
    {
     "data": {
      "text/plain": [
       "6"
      ]
     },
     "execution_count": 2,
     "metadata": {},
     "output_type": "execute_result"
    }
   ],
   "source": [
    "# Теперь сгенерируем матрицу полного ранга и протестируем наивное разложение.\n",
    "import numpy as np\n",
    "\n",
    "N = 6\n",
    "a = np.zeros((N, N), dtype=float)\n",
    "for i in range(N):\n",
    "    for j in range(N):\n",
    "        a[i, j] = 3. / (0.6*i*j + 1)\n",
    "\n",
    "np.linalg.matrix_rank(a)"
   ]
  },
  {
   "cell_type": "code",
   "execution_count": 3,
   "metadata": {},
   "outputs": [],
   "source": [
    "# Настройка вывода чисел с плавающей точкой для большей ясности\n",
    "np.set_printoptions(precision=3)"
   ]
  },
  {
   "cell_type": "code",
   "execution_count": 4,
   "metadata": {},
   "outputs": [
    {
     "name": "stdout",
     "output_type": "stream",
     "text": [
      "[[3.    3.    3.    3.    3.    3.   ]\n",
      " [3.    1.875 1.364 1.071 0.882 0.75 ]\n",
      " [3.    1.364 0.882 0.652 0.517 0.429]\n",
      " [3.    1.071 0.652 0.469 0.366 0.3  ]\n",
      " [3.    0.882 0.517 0.366 0.283 0.231]\n",
      " [3.    0.75  0.429 0.3   0.231 0.188]] \n",
      "\n",
      "[[1.    0.    0.    0.    0.    0.   ]\n",
      " [1.    1.    0.    0.    0.    0.   ]\n",
      " [1.    1.455 1.    0.    0.    0.   ]\n",
      " [1.    1.714 1.742 1.    0.    0.   ]\n",
      " [1.    1.882 2.276 2.039 1.    0.   ]\n",
      " [1.    2.    2.671 2.944 2.354 1.   ]] \n",
      "\n",
      "[[ 3.000e+00  3.000e+00  3.000e+00  3.000e+00  3.000e+00  3.000e+00]\n",
      " [ 0.000e+00 -1.125e+00 -1.636e+00 -1.929e+00 -2.118e+00 -2.250e+00]\n",
      " [ 0.000e+00  0.000e+00  2.625e-01  4.574e-01  5.975e-01  7.013e-01]\n",
      " [ 0.000e+00  2.220e-16  0.000e+00 -2.197e-02 -4.480e-02 -6.469e-02]\n",
      " [ 0.000e+00 -4.528e-16  0.000e+00  6.939e-18  8.080e-04  1.902e-03]\n",
      " [ 0.000e+00  4.123e-16  0.000e+00 -1.634e-17  0.000e+00 -1.585e-05]] \n",
      "\n",
      "[[ 0.000e+00  0.000e+00  0.000e+00  0.000e+00  0.000e+00  0.000e+00]\n",
      " [ 0.000e+00  0.000e+00  0.000e+00  0.000e+00  0.000e+00  0.000e+00]\n",
      " [ 0.000e+00  0.000e+00  0.000e+00  2.220e-16 -1.110e-16 -1.665e-16]\n",
      " [ 0.000e+00  0.000e+00  2.220e-16 -5.551e-17 -1.665e-16 -1.665e-16]\n",
      " [ 0.000e+00  0.000e+00 -1.110e-16 -1.665e-16  1.665e-16  5.551e-17]\n",
      " [ 0.000e+00  0.000e+00 -1.665e-16 -1.665e-16  5.551e-17  0.000e+00]]\n"
     ]
    }
   ],
   "source": [
    "L, u = diy_lu(a)\n",
    "\n",
    "print(a, \"\\n\")\n",
    "print(L, \"\\n\")\n",
    "print(u, \"\\n\")\n",
    "\n",
    "# Быстрый тест на адекватность: L @ U должна быть равна изначальной матрице с точностью до ошибок округления.\n",
    "print(L@u - a)"
   ]
  },
  {
   "cell_type": "markdown",
   "metadata": {},
   "source": [
    "# II. Необходимость выбора главного элемента"
   ]
  },
  {
   "cell_type": "markdown",
   "metadata": {},
   "source": [
    "Давайте немного подправим матрицу, изменив в ней один элемент:"
   ]
  },
  {
   "cell_type": "code",
   "execution_count": 5,
   "metadata": {},
   "outputs": [],
   "source": [
    "a1 = a.copy()\n",
    "a1[1, 1] = 3"
   ]
  },
  {
   "cell_type": "markdown",
   "metadata": {},
   "source": [
    "Результирующая матрица имеет полный ранг, но наивное LU - разложение не работает."
   ]
  },
  {
   "cell_type": "code",
   "execution_count": 6,
   "metadata": {},
   "outputs": [
    {
     "data": {
      "text/plain": [
       "6"
      ]
     },
     "execution_count": 6,
     "metadata": {},
     "output_type": "execute_result"
    }
   ],
   "source": [
    "np.linalg.matrix_rank(a1)"
   ]
  },
  {
   "cell_type": "code",
   "execution_count": 34,
   "metadata": {},
   "outputs": [
    {
     "name": "stdout",
     "output_type": "stream",
     "text": [
      "[[nan nan nan nan nan nan]\n",
      " [nan nan nan nan nan nan]\n",
      " [nan nan nan nan nan nan]\n",
      " [nan nan nan nan nan nan]\n",
      " [nan nan nan nan nan nan]\n",
      " [nan nan nan nan nan nan]] [[nan nan nan nan nan nan]\n",
      " [nan nan nan nan nan nan]\n",
      " [nan nan nan nan nan nan]\n",
      " [nan nan nan nan nan nan]\n",
      " [nan nan nan nan nan nan]\n",
      " [nan nan nan nan nan nan]]\n"
     ]
    },
    {
     "name": "stderr",
     "output_type": "stream",
     "text": [
      "<ipython-input-1-8159eb3fe7f6>:15: RuntimeWarning: divide by zero encountered in true_divide\n",
      "  gamma = u[j+1:, j] / u[j, j]\n",
      "<ipython-input-1-8159eb3fe7f6>:17: RuntimeWarning: invalid value encountered in matmul\n",
      "  u = lam @ u\n",
      "<ipython-input-1-8159eb3fe7f6>:20: RuntimeWarning: invalid value encountered in matmul\n",
      "  L = L @ lam\n",
      "<ipython-input-1-8159eb3fe7f6>:15: RuntimeWarning: invalid value encountered in true_divide\n",
      "  gamma = u[j+1:, j] / u[j, j]\n"
     ]
    }
   ],
   "source": [
    "l, u = diy_lu(a1)\n",
    "\n",
    "print(l, u)"
   ]
  },
  {
   "cell_type": "markdown",
   "metadata": {},
   "source": [
    "### Тест II.1\n",
    "\n",
    "Для того, чтобы наивное LU - разложение работало необходимо чтобы все лидирующие миноры матрицы были отличны от нуля. Проверьте, выполнено ли это требование для двух матриц `a` и `a1`.\n",
    "\n",
    "(20% оценки)"
   ]
  },
  {
   "cell_type": "code",
   "execution_count": 35,
   "metadata": {},
   "outputs": [
    {
     "name": "stdout",
     "output_type": "stream",
     "text": [
      "1 7.419551442783735e-14 \n",
      "\n",
      "2 3.7203871395457716e-12 \n",
      "\n",
      "3 1.891286294340854e-08 \n",
      "\n",
      "4 0.00018840013397343028 \n",
      "\n",
      "5 0.1875 \n",
      "\n",
      "True \n",
      "\n",
      "1 4.259631046811274e-12 \n",
      "\n",
      "2 3.7203871395457716e-12 \n",
      "\n",
      "3 1.891286294340854e-08 \n",
      "\n",
      "4 0.00018840013397343028 \n",
      "\n",
      "5 0.1875 \n",
      "\n",
      "True \n",
      "\n"
     ]
    }
   ],
   "source": [
    "def checker(A):\n",
    "    n = A.shape[0]\n",
    "    \n",
    "    for i in range(1, n):\n",
    "        print(i, abs(np.linalg.det(A[i:,i:])), '\\n')\n",
    "        if abs(np.linalg.det(A[i:,i:])) < 1e-16:\n",
    "            return False\n",
    "    return True\n",
    "\n",
    "print(checker(a), \"\\n\")\n",
    "print(checker(a1), \"\\n\")"
   ]
  },
  {
   "cell_type": "markdown",
   "metadata": {},
   "source": [
    "### Тест II.2\n",
    "\n",
    "Модифицируйте алгоритм `diy_lu`, чтобы осуществлять выбор главного элемента в столбцах. Для контроля выбора можете использовать матрицу перестановок или массив замен.\n",
    "\n",
    "(40% оценки)\n",
    "\n",
    "Напишите функию, воссоздающую изначальную матрицу из разложения. Протестируйте свой алгоритм на матрицах `a` и `a1`.\n",
    "\n",
    "(40% оценки)"
   ]
  },
  {
   "cell_type": "code",
   "execution_count": 49,
   "metadata": {},
   "outputs": [
    {
     "name": "stdout",
     "output_type": "stream",
     "text": [
      "[[3.    3.    3.    3.    3.    3.   ]\n",
      " [3.    1.875 1.364 1.071 0.882 0.75 ]\n",
      " [3.    1.364 0.882 0.652 0.517 0.429]\n",
      " [3.    1.071 0.652 0.469 0.366 0.3  ]\n",
      " [3.    0.882 0.517 0.366 0.283 0.231]\n",
      " [3.    0.75  0.429 0.3   0.231 0.188]] \n",
      "\n",
      "[[3.    3.    3.    3.    3.    3.   ]\n",
      " [3.    1.071 1.364 1.875 0.882 0.75 ]\n",
      " [3.    0.652 0.882 1.364 0.517 0.429]\n",
      " [3.    0.469 0.652 1.071 0.366 0.3  ]\n",
      " [3.    0.366 0.517 0.882 0.283 0.231]\n",
      " [3.    0.3   0.429 0.75  0.231 0.188]]\n"
     ]
    }
   ],
   "source": [
    "def P_columns(i, j):\n",
    "    P= np.zeros((N, N), dtype=int)\n",
    "    for k in range(N):\n",
    "        if k != i and k != j:\n",
    "            P[k][k] = 1\n",
    "        elif k == i:\n",
    "            P[i][j] = 1\n",
    "        else:\n",
    "            P[j][i] = 1\n",
    "    return P"
   ]
  },
  {
   "cell_type": "code",
   "execution_count": 98,
   "metadata": {},
   "outputs": [
    {
     "name": "stdout",
     "output_type": "stream",
     "text": [
      "[[3.    3.    3.    3.    3.    3.   ]\n",
      " [3.    3.    1.364 1.071 0.882 0.75 ]\n",
      " [3.    1.364 0.882 0.652 0.517 0.429]\n",
      " [3.    1.071 0.652 0.469 0.366 0.3  ]\n",
      " [3.    0.882 0.517 0.366 0.283 0.231]\n",
      " [3.    0.75  0.429 0.3   0.231 0.188]] \n",
      "\n",
      "5 1\n",
      "4 2\n",
      "3 3\n",
      "2 4\n",
      "1 5\n",
      "0 5\n",
      "[[3.    3.    3.    3.    3.    3.   ]\n",
      " [0.75  3.    1.364 1.071 0.882 3.   ]\n",
      " [0.429 1.364 0.882 0.652 0.517 3.   ]\n",
      " [0.3   1.071 0.652 0.469 0.366 3.   ]\n",
      " [0.231 0.882 0.517 0.366 0.283 3.   ]\n",
      " [0.188 0.75  0.429 0.3   0.231 3.   ]]\n"
     ]
    }
   ],
   "source": [
    "def make_a(a):\n",
    "    max_columns = []\n",
    "    columns = []\n",
    "    max_i = [0, 0]\n",
    "    for i in range(a.shape[0]-1, -1, -1):\n",
    "        for j in range(a.shape[0] - i, a.shape[0]):\n",
    "            if max_i[0] < abs(a[j][i]):\n",
    "                max_i[0] = abs(a[j][i])\n",
    "                max_i[1] = j\n",
    "        print(i, max_i[1])\n",
    "        a = np.dot(a, P_columns(i, max_i[1]))\n",
    "        max_i[0] = 0\n",
    "    return a\n",
    "\n",
    "print(a1, '\\n')\n",
    "print(make_a(a1))"
   ]
  },
  {
   "cell_type": "code",
   "execution_count": 99,
   "metadata": {},
   "outputs": [
    {
     "name": "stdout",
     "output_type": "stream",
     "text": [
      "[[nan nan nan nan nan nan]\n",
      " [nan nan nan nan nan nan]\n",
      " [nan nan nan nan nan nan]\n",
      " [nan nan nan nan nan nan]\n",
      " [nan nan nan nan nan nan]\n",
      " [nan nan nan nan nan nan]] [[nan nan nan nan nan nan]\n",
      " [nan nan nan nan nan nan]\n",
      " [nan nan nan nan nan nan]\n",
      " [nan nan nan nan nan nan]\n",
      " [nan nan nan nan nan nan]\n",
      " [nan nan nan nan nan nan]]\n"
     ]
    },
    {
     "name": "stderr",
     "output_type": "stream",
     "text": [
      "<ipython-input-1-8159eb3fe7f6>:15: RuntimeWarning: divide by zero encountered in true_divide\n",
      "  gamma = u[j+1:, j] / u[j, j]\n",
      "<ipython-input-1-8159eb3fe7f6>:17: RuntimeWarning: invalid value encountered in matmul\n",
      "  u = lam @ u\n",
      "<ipython-input-1-8159eb3fe7f6>:20: RuntimeWarning: invalid value encountered in matmul\n",
      "  L = L @ lam\n",
      "<ipython-input-1-8159eb3fe7f6>:15: RuntimeWarning: invalid value encountered in true_divide\n",
      "  gamma = u[j+1:, j] / u[j, j]\n"
     ]
    }
   ],
   "source": [
    "l, u = diy_lu(a1)\n",
    "\n",
    "print(l, u)"
   ]
  },
  {
   "cell_type": "code",
   "execution_count": null,
   "metadata": {},
   "outputs": [],
   "source": []
  }
 ],
 "metadata": {
  "kernelspec": {
   "display_name": "Python 3",
   "language": "python",
   "name": "python3"
  },
  "language_info": {
   "codemirror_mode": {
    "name": "ipython",
    "version": 3
   },
   "file_extension": ".py",
   "mimetype": "text/x-python",
   "name": "python",
   "nbconvert_exporter": "python",
   "pygments_lexer": "ipython3",
   "version": "3.8.3"
  }
 },
 "nbformat": 4,
 "nbformat_minor": 2
}
